71 230.0
71 226.793103448
71 223.586206897
71 220.379310345
71 217.172413793
71 213.965517241
71 210.75862069
71 207.551724138
71 204.344827586
71 201.137931034
71 197.931034483
71 194.724137931
71 191.517241379
71 188.310344828
71 185.103448276
71 181.896551724
71 178.689655172
71 175.482758621
71 172.275862069
71 169.068965517
71 165.862068966
71 162.655172414
71 159.448275862
71 156.24137931
71 153.034482759
71 149.827586207
71 146.620689655
71 143.413793103
71 140.206896552
71.0 137.0
71.0 133.166666667
71.0 129.333333333
71.0 125.5
71.0 121.666666667
71.0 117.833333333
71.0 114.0
71.0 110.166666667
71.0 106.333333333
71.0 102.5
71.0 98.6666666667
71.0 94.8333333333
71.0 91.0
71.0 87.1666666667
71.0 83.3333333333
71.0 79.5
71.0 75.6666666667
71.0 71.8333333333
71.0 68.0
71.0 64.1666666667
71.0 60.3333333333
71.0 56.5
71.0 52.6666666667
71.0 48.8333333333
71.0 45.0
71.0 41.1666666667
71.0 37.3333333333
71.0 33.5
71.0 29.6666666667
71.0 25.8333333333
71.0 22.0
66.6363636364 22.0
62.2727272727 22.0
57.9090909091 22.0
53.5454545455 22.0
49.1818181818 22.0
44.8181818182 22.0
40.4545454545 22.0
36.0909090909 22.0
31.7272727273 22.0
27.3636363636 22.0
23.0 22.0
23.0 25.724137931
23.0 29.4482758621
23.0 33.1724137931
23.0 36.8965517241
23.0 40.6206896552
23.0 44.3448275862
23.0 48.0689655172
23.0 51.7931034483
23.0 55.5172413793
23.0 59.2413793103
23.0 62.9655172414
23.0 66.6896551724
23.0 70.4137931034
23.0 74.1379310345
23.0 77.8620689655
23.0 81.5862068966
23.0 85.3103448276
23.0 89.0344827586
23.0 92.7586206897
23.0 96.4827586207
23.0 100.206896552
23.0 103.931034483
23.0 107.655172414
23.0 111.379310345
23.0 115.103448276
23.0 118.827586207
23.0 122.551724138
23.0 126.275862069
23.0 130.0
23.0 137.0
27.0 137.0 
31.0 137.0 
35.0 137.0 
39.0 137.0 
43.0 137.0 
47.0 137.0 
51.0 137.0 
55.0 137.0 
59.0 137.0 
63.0 137.0 
67.0 137.0 
71.0 137.0
